$ 1 0.000005 0.23988752939670982 52 5 50 5e-11
f 448 272 448 336 32 1.5 0.02
f 448 432 448 368 32 1.5 0.02
f 544 288 544 336 33 1.5 0.02
f 544 416 544 368 33 1.5 0.02
w 464 336 496 336 0
w 496 336 528 336 0
w 464 368 496 368 0
w 496 368 528 368 0
w 432 336 432 352 0
w 432 352 432 368 0
w 560 336 560 352 0
w 560 352 560 368 0
w 560 352 608 352 0
w 432 352 368 352 0
g 368 352 368 384 0 0
R 608 208 608 176 0 0 40 5 0 0 0.5
162 496 336 496 304 2 default-led 1 0 0 0.01
r 496 304 496 256 0 150
g 496 256 496 240 0 0
162 496 368 496 400 2 default-led 1 0 0 0.01
r 496 400 496 448 0 150
g 496 448 496 464 0 0
w 544 208 544 288 0
w 544 496 448 496 0
w 448 496 448 464 0
w 544 496 544 416 0
f 336 256 400 256 32 1.5 0.02
S 336 256 240 256 0 0 false 0 2
R 240 240 240 192 0 0 40 3.3 0 0 0.5
g 240 272 240 304 0 0
w 448 208 448 240 0
w 448 240 448 272 0
g 400 272 400 288 0 0
r 544 208 608 208 0 10000
w 400 240 448 240 0
r 544 496 608 496 0 10000
g 240 464 240 496 0 0
R 240 432 240 384 0 0 40 3.3 0 0 0.5
S 336 448 240 448 0 0 false 0 2
f 336 448 400 448 32 1.5 0.02
w 448 464 448 432 0
w 448 208 544 208 0
w 400 432 448 432 0
g 400 464 400 480 0 0
w 608 496 608 352 0
w 608 352 608 208 0
o 19 1 0 4099 0.0000762939453125 0.00009765625 0 2 19 3
